300
300
300
300
300
300
300
301
301
301
301
301
301
301
301
301
301
301
301
301
301
301
301
301
303
304
307
308
310
313
314
321
331
337
350
351
351
357
358
359
368
369
369
370
371
371
371
372
372
373
374
374
375
376
377
377
377
377
378
380
380
381
381
381
383
383
384
384
384
385
386
386
387
388
390
391
393
393
395
395
396
396
396
397
398
398
398
399
399
400
401
402
403
403
404
404
404
405
405
405
406
406
407
407
407
407
408
408
409
409
409
409
409
409
409
409
410
410
410
411
411
411
412
412
412
412
412
413
413
413
413
414
415
415
415
416
416
417
417
417
418
418
418
418
419
419
419
420
421
422
424
426
428
428
428
429
431
431
431
432
433
434
434
434
435
435
435
435
436
436
439
442
444
446
447
447
448
449
450
451
452
452
453
455
456
456
457
459
459
462
465
466
468
474
474
475
476
476
478
480
483
484
484
485
488
488
488
489
490
490
490
491
493
493
493
493
493
494
494
495
495
495
495
497
497
497
498
498
499
500
500
500
500
500
501
501
502
502
503
503
504
504
504
505
505
505
506
507
507
507
509
509
510
510
511
512
512
512
513
513
513
513
513
513
514
514
514
514
514
514
515
515
516
516
516
517
517
518
518
519
519
521
521
521
521
522
522
523
523
524
525
527
528
537
538
540
543
544
544
545
567
572
572
576
580
583
583
585
586
586
589
590
591
591
592
592
594
594
595
596
596
596
597
597
598
602
603
603
604
604
604
604
604
604
605
606
606
608
608
609
610
610
610
611
612
612
612
612
612
613
613
614
614
614
615
615
617
618
618
619
621
622
625
626
627
627
628
630
630
635
635
635
636
638
638
638
642
642
643
645
645
645
646
646
646
647
648
650
650
650
651
652
654
654
654
654
656
656
656
657
657
658
658
658
659
659
661
661
661
661
663
664
665
666
676
678
682
682
685
685
686
687
687
687
687
688
688
688
688
688
688
688
688
688
688
690
