300
300
300
300
300
301
301
301
301
301
301
301
301
301
301
301
301
301
301
307
308
310
351
357
368
369
369
371
371
371
372
373
374
375
376
377
380
380
381
381
381
383
384
384
386
386
388
390
393
393
395
396
396
397
398
398
398
399
399
402
403
403
404
404
405
405
406
407
407
408
408
409
409
409
409
409
409
409
409
410
410
410
411
411
412
412
412
412
412
413
413
413
413
414
415
415
415
417
417
417
418
418
418
418
419
420
421
426
428
429
431
431
432
433
434
434
435
435
435
436
439
442
444
446
448
449
452
452
455
456
457
459
465
468
474
478
480
483
485
489
490
490
490
493
493
493
495
497
497
498
500
501
501
502
503
504
505
506
509
510
510
511
513
513
513
514
514
514
515
516
516
517
517
518
519
519
521
521
521
521
522
523
523
524
525
527
528
537
538
540
543
544
544
545
567
576
580
583
586
589
591
594
594
596
596
597
597
598
602
603
603
604
604
604
604
606
606
608
609
610
612
612
612
613
613
614
614
615
617
618
619
622
625
626
630
635
636
645
646
646
647
650
650
652
654
654
654
654
656
656
656
657
658
658
659
661
661
661
663
665
666
676
688
