300
301
307
308
310
351
357
368
369
371
372
373
374
375
376
377
380
381
383
384
386
388
390
393
395
396
397
398
399
402
403
404
405
406
407
408
409
410
411
412
413
414
415
417
418
419
420
421
426
428
429
431
432
433
434
435
436
439
442
444
446
448
449
452
455
456
457
459
465
468
474
478
480
483
485
489
490
493
495
497
498
500
501
502
503
504
505
506
509
510
511
513
514
515
516
517
518
519
521
522
523
524
525
527
528
537
538
540
543
544
545
567
576
580
583
586
589
591
594
596
597
598
602
603
604
606
608
609
610
612
613
614
615
617
618
619
622
625
626
630
635
636
645
646
647
650
652
654
656
657
658
659
661
663
665
666
676
688
