1
2
3
4
5
6
8
9
10
11
12
13
15
16
18
19
20
21
22
23
24
25
26
27
28
29
30
31
32
34
36
38
39
40
45
46
47
48
49
50
51
52
53
54
55
56
57
58
59
60
61
62
63
64
65
66
67
68
72
73
74
75
76
77
78
81
83
84
85
86
87
88
89
90
95
96
98
99
100
101
102
103
104
105
106
107
108
109
110
111
112
113
114
115
116
117
118
119
120
121
122
124
125
126
127
129
130
131
132
133
134
135
136
137
138
139
140
194
195
196
197
198
199
200
201
202
203
204
206
207
208
209
210
211
212
213
214
215
216
218
219
220
221
222
223
224
225
226
227
228
229
230
231
232
233
234
235
236
237
238
239
240
241
242
243
244
245
246
247
248
249
250
251
252
253
254
255
257
258
