300
300
300
300
310
310
310
310
310
310
310
310
310
310
310
310
319
321
355
355
357
362
374
376
377
379
380
383
383
383
384
385
387
388
390
391
392
392
412
412
414
415
415
417
418
427
433
444
445
461
474
475
479
481
483
484
489
492
493
495
496
497
500
500
501
503
507
508
509
510
512
512
514
514
514
515
516
517
517
519
520
523
524
525
526
530
530
533
535
536
536
575
585
585
592
605
614
627
632
638
638
642
645
647
647
651
652
654
654
655
656
657
659
662
671
687
687
687
687
687
687
687
687
687
687
687
687
687
687
687
687
687
687
687
687
687
687
687
687
687
687
687
687
687
687
687
687
687
687
687
687
687
687
687
687
687
687
687
687
688
688
690
690
690
690
690
690
690
690
690
690
690
690
690
690
